    unsorted:	 96.38285597 96.38285597 96.38285597 96.38285605 96.38285580 125.9928253 123.8377238 119.6216486 131.1787107 94.64725251 157.7796791 169.6301277 57.37241055 3.763030454 -13.93613872 239.2211115 -96.35364247 -110.5430489 329.0774301 -219.8645207 451.0653407 -315.2924221 758.9615537 927.9488559 -634.8167570 1219.436392 1685.571778 1745.366673 -1537.680912 8124.697838 10635.13368 -23812.83152 37942.44633 35948.94711 116506.0202 688187445.7
      sorted:	 -23812.83152 -1537.680912 -634.8167570 -315.2924221 -219.8645207 -110.5430489 -96.35364247 -13.93613872 3.763030454 57.37241055 94.64725251 96.38285580 96.38285597 96.38285597 96.38285597 96.38285605 119.6216486 123.8377238 125.9928253 131.1787107 157.7796791 169.6301277 239.2211115 329.0774301 451.0653407 758.9615537 927.9488559 1219.436392 1685.571778 1745.366673 8124.697838 10635.13368 35948.94711 37942.44633 116506.0202 688187445.7
